BCL2L10 ZAR1L C3orf56 BTG4 TUBB8 SH2D1B C9orf116 TMEM132B CA4 FAM19A4 label
E5.5.101 0 0 0 0 0 0 8 0 0 0 E5
E5.5.100 0 0 0 0 0 0 0 0 0 0 E5
E5.2.45 0 0 0 0 0 0 0 0 0 0 E5
E5.3.54 0 0 0 0 0 0 36 0 0 0 E5
E5.2.40 0 0 0 0 0 0 14 0 0 0 E5
E5.2.38 0 0 0 0 0 0 17 0 0 0 E5
E5.3.49 0 0 0 0 0 0 0 0 372 0 E5
E5.3.51 0 0 0 0 0 0 1 0 0 0 E5
E5.2.42 0 0 0 0 0 0 162 0 0 0 E5
E5.3.56 0 0 0 0 0 0 0 0 0 0 E5
E5.3.58 0 0 0 0 12 0 0 0 65 0 E5
E5.2.43 0 0 0 0 0 0 238 0 0 0 E5
E5.3.57 0 0 0 0 0 48 1 0 0 0 E5
E5.3.55 0 0 0 0 0 0 25 0 0 0 E5
E5.3.60 0 0 0 0 2 0 0 0 0 0 E5
E5.2.48 0 0 0 0 0 0 0 0 0 0 E5
E5.2.46 0 0 0 0 0 0 3 0 0 0 E5
E5.5.93 0 0 0 0 0 0 0 0 0 2 E5
E5.5.99 0 0 0 0 0 0 8 0 0 0 E5
E5.2.47 0 0 0 0 0 0 71 0 0 0 E5
E5.3.52 0 0 0 0 0 0 0 0 0 0 E5
E5.3.50 0 0 0 0 10 0 0 0 0 0 E5
E5.3.61 0 0 0 0 1 0 0 0 231 0 E5
E5.5.91 0 0 0 0 0 0 0 0 0 0 E5
E5.5.98 0 0 37 0 0 0 0 0 0 0 E5
E5.5.92 0 0 0 0 0 0 0 0 0 0 E5
E5.2.41 0 0 2 0 0 0 20 0 2 0 E5
E5.5.97 0 0 0 0 0 0 0 0 0 0 E5
E5.5.96 0 0 124 0 0 0 211 0 0 0 E5
E5.5.94 0 0 0 0 0 0 0 0 29 0 E5
E5.3.59 0 0 0 0 0 0 0 0 183 0 E5
E5.5.95 0 0 0 0 0 0 197 0 0 0 E5
E5.1.30 0 0 1 0 0 0 23 0 0 0 E5
E5.1.31 0 1 1 0 0 0 0 0 0 1 E5
E5.1.28 3 0 7 1 0 0 29 0 0 0 E5
E5.1.26 31 59 115 0 76 0 0 0 0 32 E5
E5.1.32 0 121 4 0 0 0 0 0 0 0 E5
E5.6.365 84 0 821 118 358 0 116 0 0 0 E5
E5.6.375 0 66 332 5 216 0 11 0 0 0 E5
E3.1.444 66 21 132 5 594 8 0 32 0 7 E3
E5.6.364 0 0 0 0 0 0 287 0 0 0 E5
E5.6.360 103 0 0 0 0 0 0 0 0 0 E5
E5.6.373 0 0 127 0 0 0 1 0 0 0 E5
E3.4.463 755 1098 3459 378 6764 0 0 263 0 142 E3
E3.2.454 1052 688 1129 217 2453 0 0 179 0 57 E3
E5.6.368 0 0 0 0 0 0 311 0 0 0 E5
E5.6.379 0 5 8 2 9 0 71 0 0 8 E5
E5.6.369 0 0 0 21 10 0 28 0 0 0 E5
E5.6.371 41 0 0 0 0 0 185 0 0 0 E5
E5.6.362 0 0 0 0 7 60 141 0 0 278 E5
E5.6.382 91 0 342 2 99 0 257 0 0 128 E5
E3.3.456 3251 1229 4641 1354 3231 0 0 1338 0 550 E3
E3.1.448 154 112 165 35 817 11 0 44 0 10 E3
E5.6.361 6 0 0 0 34 0 64 0 0 105 E5
E3.2.453 2692 1943 2322 466 6454 263 0 836 0 231 E3
E3.3.457 428 108 1206 39 770 32 0 173 0 59 E3
E3.1.447 223 107 519 6 1496 0 0 54 0 53 E3
E3.2.467 16551 7278 21666 2705 49576 0 0 980 0 455 E3
E3.2.450 424 214 318 62 1323 22 0 205 0 43 E3
E3.3.459 364 140 759 51 883 74 0 110 0 99 E3
E3.2.466 10585 7025 20602 3496 22975 0 0 2857 0 500 E3
E3.2.449 1329 452 1552 437 7385 0 8 333 0 91 E3
E3.4.462 519 771 1902 655 3240 0 0 237 0 72 E3
E3.4.465 1141 1158 3874 526 7742 16 5 183 0 203 E3
E3.1.445 251 226 485 92 1705 121 0 64 0 70 E3
E3.1.443 184 36 451 26 1329 0 0 74 0 7 E3
E3.3.458 498 69 869 156 1364 49 3 67 0 210 E3
E3.2.455 3185 1660 1835 667 5368 0 0 935 0 649 E3
E5.6.363 0 0 105 0 93 0 169 0 0 0 E5
E3.3.460 1352 574 3491 166 4354 82 10 421 0 299 E3
E5.6.372 27 0 112 0 0 0 24 0 0 0 E5
E3.2.452 828 349 641 13 8603 0 0 397 0 1 E3
E5.13.1750 0 0 0 0 0 0 5 20 48 0 E5
E5.13.1751 0 0 0 0 0 0 2 0 42 0 E5
E5.13.1752 0 0 0 0 0 0 3 0 1 0 E5
E5.13.1753 0 0 22 0 0 0 39 0 29 0 E5
E5.13.1754 0 0 1 0 1 1 6 0 3 0 E5
E5.13.1755 0 0 0 0 0 35 41 1 17 0 E5
E5.13.1756 0 0 0 0 0 0 3 0 8 0 E5
E5.13.1757 0 0 0 0 0 26 44 0 12 0 E5
E5.13.1758 0 0 0 0 0 0 2 0 0 0 E5
E5.13.1759 0 0 0 0 0 63 74 0 0 0 E5
E5.13.1760 0 0 0 0 0 0 57 0 0 0 E5
E5.13.1761 0 0 14 0 0 0 103 0 0 0 E5
E5.13.1762 21 0 222 138 155 0 0 0 0 0 E5
E5.13.1763 0 0 6 17 1 0 29 0 0 0 E5
E5.13.1764 0 0 0 0 0 11 26 0 32 0 E5
E5.13.1765 0 0 1 0 0 0 0 0 13 0 E5
E5.13.1766 0 0 0 0 0 0 8 0 0 0 E5
E5.13.1767 0 0 0 0 0 0 0 0 0 0 E5
E5.13.1768 0 0 0 0 0 0 6 0 57 0 E5
E5.13.1769 0 0 0 0 0 0 0 0 0 0 E5
E5.13.1770 0 0 0 0 0 0 40 0 0 0 E5
E5.13.1771 0 0 0 0 2 0 14 0 44 0 E5
E5.13.1773 0 0 0 0 0 183 13 0 85 0 E5
E5.13.1774 0 0 0 1 0 0 4 0 1 0 E5
E5.13.1775 0 0 0 0 0 19 33 0 0 0 E5
E5.13.1776 0 0 10 0 0 4 38 0 5 0 E5
E5.13.1777 0 0 0 0 0 0 3 0 26 0 E5
E5.13.1778 0 0 0 0 0 1 26 0 0 0 E5
E5.13.1779 0 0 0 0 0 0 0 0 0 0 E5
E5.13.1780 0 0 1 0 0 77 4 0 0 0 E5
E5.13.1781 0 0 0 0 0 0 6 0 0 0 E5
E5.14.1782 0 0 0 0 0 3 0 0 245 0 E5
E5.14.1783 0 0 0 0 0 42 0 0 0 0 E5
E5.14.1784 0 0 0 0 0 0 24 0 762 0 E5
E5.14.1785 0 0 0 0 0 5 3 0 5 0 E5
E5.14.1786 0 0 0 0 0 0 12 0 32 0 E5
E5.14.1787 0 0 0 0 1 0 11 0 0 0 E5
E5.14.1788 0 0 0 0 0 0 28 0 8 0 E5
E5.14.1789 0 0 0 0 0 8 80 0 158 22 E5
E5.14.1790 0 0 0 0 40 0 16 0 23 0 E5
E5.14.1791 0 0 0 0 0 0 0 0 0 0 E5
E5.14.1792 0 0 0 0 0 0 0 0 1 0 E5
E5.14.1793 0 0 0 0 0 0 79 0 75 0 E5
E5.14.1794 0 0 2 0 0 59 0 0 2 0 E5
E5.14.1795 0 0 0 0 0 27 16 0 25 1 E5
E5.14.1797 0 0 0 0 0 0 14 0 0 0 E5
E5.14.1798 0 0 0 0 82 0 0 0 0 0 E5
E5.14.1802 32 0 0 0 0 0 23 0 0 0 E5
E5.14.1806 0 0 0 0 0 55 0 0 128 0 E5
E5.14.1807 0 0 0 0 0 0 0 0 0 0 E5
E5.14.1808 0 0 0 0 0 0 4 0 0 0 E5
E5.14.1811 0 0 0 0 0 0 0 0 176 43 E5
E5.14.1812 0 0 0 0 0 0 0 0 8 0 E5
E5.14.1813 0 0 0 0 0 733 48 0 359 0 E5
E5.15.1820 0 4 1 0 1 0 3 0 0 0 E5
E5.15.1821 0 0 0 0 0 0 0 0 0 0 E5
E5.15.1822 0 0 0 0 0 0 0 0 0 0 E5
E5.15.1823 0 0 0 0 0 0 0 0 0 0 E5
E5.15.1824 0 0 1 0 25 0 0 0 0 0 E5
E5.15.1825 0 0 9 0 14 0 0 24 0 0 E5
E5.15.1826 0 0 0 0 3 0 0 0 0 0 E5
E5.15.1827 82 0 82 0 145 0 44 0 0 0 E5
E5.15.1828 0 0 21 0 1 0 0 0 0 0 E5
E5.15.1829 0 0 0 0 0 0 0 0 0 0 E5
E5.15.1830 0 0 1 0 7 0 0 0 0 3 E5
E5.15.1831 0 50 0 0 23 0 0 0 0 0 E5
E5.15.1834 0 0 0 1 7 0 13 0 0 0 E5
E5.15.1835 0 0 0 0 3 0 11 1 0 0 E5
E5.15.1836 0 0 73 0 0 0 72 0 0 0 E5
E5.15.1837 0 0 1 16 0 0 28 0 0 0 E5
E5.15.1838 0 0 0 13 10 0 23 0 0 0 E5
E5.15.1839 0 0 4 0 0 0 0 0 0 0 E5
E5.15.1840 0 0 0 0 0 0 10 0 0 0 E5
E5.15.1841 0 0 0 0 0 0 0 0 0 0 E5
E5.15.1842 0 0 0 0 8 0 8 0 0 0 E5
E5.15.1843 0 0 0 0 0 0 23 0 0 20 E5
E5.15.1844 0 0 0 0 0 0 68 0 0 0 E5
E5.15.1845 0 0 0 0 0 0 60 0 0 0 E5
E5.early.36.3215 0 0 0 0 0 0 0 0 0 0 E5
E5.early.36.3216 0 0 0 0 0 0 11 0 0 0 E5
E5.early.36.3217 0 0 0 0 1 0 56 0 0 0 E5
E5.early.36.3227 0 0 0 0 1 0 0 0 0 0 E5
E5.37.3234 0 0 0 0 0 0 25 0 0 0 E5
E5.early.36.3223 0 0 0 0 0 0 49 0 0 0 E5
E5.early.36.3224 0 26 0 2 6 0 349 0 0 0 E5
E5.early.36.3221 0 0 0 0 0 0 74 0 0 0 E5
E5.early.36.3218 21 7 0 0 53 0 202 0 0 0 E5
E5.37.3240 0 0 0 0 0 0 0 0 2 0 E5
E5.37.3242 0 0 0 0 0 0 0 0 123 0 E5
E5.37.3232 0 0 0 0 0 0 1 0 0 0 E5
E5.early.36.3219 0 0 0 0 1 0 0 0 0 0 E5
E5.early.36.3226 33 2 0 0 3 0 36 0 0 0 E5
E5.early.36.3225 0 0 0 0 1 0 47 0 0 0 E5
E5.37.3243 0 0 0 0 0 0 0 0 152 0 E5
E5.early.36.3222 0 0 0 0 28 0 67 2 0 0 E5
E5.early.36.3220 0 0 0 0 0 0 175 0 0 0 E5
E5.37.3246 0 0 0 0 0 0 0 0 133 0 E5
E5.39.3274 0 0 0 0 0 2 0 0 0 0 E5
E5.37.3235 0 0 0 0 0 0 0 0 0 0 E5
E5.37.3239 0 0 0 0 0 119 6 0 21 0 E5
E5.38.3255 0 0 0 0 0 0 3 0 0 0 E5
E5.39.3266 0 0 0 0 0 0 0 0 0 0 E5
E5.37.3231 0 0 0 0 0 0 417 0 0 0 E5
E5.40.3282 0 0 0 0 82 3505 0 0 0 0 E5
E5.37.3247 0 0 0 0 0 0 0 0 474 0 E5
E5.40.3290 0 0 0 0 0 1 0 0 0 0 E5
E5.early.36.3228 0 15 0 0 0 0 0 0 0 0 E5
E5.37.3253 0 0 0 0 0 0 0 0 392 0 E5
E5.37.3237 0 0 0 0 0 0 0 0 0 0 E5
E5.39.3262 0 0 0 0 2 0 0 0 0 0 E5
E5.40.3289 0 0 0 0 0 61 0 0 44 0 E5
E5.40.3281 0 0 0 0 0 276 0 0 0 0 E5
E5.39.3269 0 0 0 0 0 0 1 0 0 0 E5
E5.38.3256 0 0 0 0 5 0 16 2 0 0 E5
E5.37.3245 0 0 0 0 0 0 0 0 0 0 E5
E5.40.3285 0 0 0 0 0 0 0 0 0 0 E5
E5.40.3278 0 0 0 0 0 0 0 0 0 0 E5
E5.39.3263 0 0 0 0 0 0 1 1 0 0 E5
E5.40.3298 0 1 0 0 0 928 0 0 2 0 E5
E5.40.3287 0 0 0 0 0 366 0 0 0 0 E5
E5.40.3286 0 0 0 0 0 0 0 0 0 0 E5
E5.40.3279 0 0 0 0 0 0 0 0 0 0 E5
E5.40.3288 0 0 0 0 0 1 0 0 0 0 E5
E5.40.3292 0 0 0 0 0 0 0 0 0 0 E5
E5.40.3297 0 0 0 0 0 2503 126 0 455 0 E5
E5.40.3291 0 0 0 0 3 1 63 0 0 0 E5
E5.39.3267 0 0 0 0 0 0 23 0 0 0 E5
E5.40.3283 0 0 0 0 0 1 0 0 0 0 E5
E5.40.3293 0 0 0 0 0 100 1 0 127 0 E5
E5.40.3304 0 0 0 0 4 1 0 0 0 0 E5
E5.40.3284 0 0 0 0 0 0 0 0 0 0 E5
E5.40.3302 0 0 0 0 9 0 0 0 0 0 E5
E5.40.3303 74 0 0 0 0 845 0 0 0 0 E5
E5.39.3264 0 0 0 0 0 0 5208 0 0 0 E5
E5.40.3280 0 0 0 0 0 0 0 0 104 0 E5
E5.40.3300 0 0 0 0 0 28 0 0 6 0 E5
E5.40.3294 0 0 0 0 0 1 0 0 2 0 E5
E5.40.3299 0 0 0 0 0 300 0 0 235 0 E5
E5.40.3301 0 0 0 0 0 951 365 4 3570 0 E5
E5.40.3296 0 0 0 0 0 481 0 0 2 0 E5
E5.16.1891 0 0 44 0 21 0 0 0 331 0 E5
E5.16.1907 0 0 0 0 0 0 76 0 0 0 E5
E5.16.1886 88 42 90 0 207 0 0 0 0 269 E5
E5.16.1893 0 0 0 0 3 7 1 0 0 0 E5
E5.16.1899 0 0 0 0 13 0 0 0 0 0 E5
E5.16.1897 0 0 0 0 0 87 18 0 6 0 E5
E5.16.1885 0 0 0 0 44 0 0 0 0 0 E5
E5.16.1889 0 0 0 0 0 0 25 0 0 0 E5
E5.14.1923 0 0 0 0 0 0 0 0 0 0 E5
E5.16.1894 0 0 0 42 0 25 0 0 0 0 E5
E5.16.1909 0 0 0 0 2 0 0 0 0 0 E5
E5.16.1915 0 0 0 0 29 1 0 0 0 0 E5
E5.16.1900 0 0 0 0 0 0 0 0 0 0 E5
E5.16.1888 0 0 50 29 37 23 37 0 0 0 E5
E5.16.1913 0 0 0 0 8 0 24 0 147 41 E5
E5.14.1918 0 0 26 0 47 0 32 0 0 0 E5
E5.16.1887 0 0 0 0 0 0 0 0 0 0 E5
E5.16.1910 0 0 0 0 0 0 12 0 16 0 E5
E5.16.1901 0 0 0 0 1 81 22 0 0 0 E5
E5.14.1917 0 0 0 0 0 0 2 0 0 0 E5
E5.14.1925 0 0 0 0 0 0 15 0 0 0 E5
E5.16.1895 0 0 5 5 15 20 13 48 7 7 E5
E5.16.1896 0 0 0 1 0 0 30 0 70 0 E5
E5.16.1904 0 0 38 0 0 0 19 1 0 0 E5
E5.16.1908 0 0 0 0 0 0 0 0 0 0 E5
E5.16.1903 0 0 0 0 0 0 4 0 0 0 E5
E5.14.1924 0 0 0 0 0 0 21 0 0 0 E5
E5.14.1916 0 0 0 0 0 173 132 0 0 0 E5
E5.16.1912 0 0 1 0 0 0 0 0 0 0 E5
E5.16.1911 0 0 0 0 0 165 0 0 0 0 E5
E5.14.1919 0 0 0 0 0 0 0 0 0 0 E5
E5.16.1898 0 0 0 0 4 50 0 0 18 0 E5
E5.16.1905 0 0 20 0 0 0 15 0 0 1 E5
E5.16.1890 0 0 0 0 0 0 0 0 136 0 E5
E5.16.1906 0 0 0 0 0 0 31 0 0 0 E5
E5.16.1914 0 0 0 0 1 167 8 0 18 0 E5
E5.41.3309 0 0 0 0 0 0 0 0 0 0 E5
E5.41.3308 132 1 0 7 118 0 0 1 0 0 E5
E5.41.3307 0 0 0 56 47 0 0 114 0 0 E5
E5.41.3306 808 128 425 122 954 0 0 160 0 0 E5
E5.41.3310 0 0 0 0 1 0 0 0 0 0 E5
E5.41.3316 0 0 0 0 9 0 0 0 0 0 E5
E5.41.3323 0 0 0 0 0 0 74 68 0 0 E5
E5.42.3333 0 0 0 0 0 0 41 0 0 0 E5
E5.41.3317 0 0 0 0 9 0 0 0 0 0 E5
E5.41.3328 147 0 0 0 330 0 179 0 0 0 E5
E5.41.3313 0 0 0 0 0 0 0 0 0 0 E5
E5.41.3305 0 0 0 0 0 13 0 0 0 0 E5
E5.41.3321 0 0 0 0 4 0 0 0 0 0 E5
E5.42.3329 0 0 104 0 0 0 42 0 0 0 E5
E5.41.3315 0 105 0 0 49 0 0 0 0 0 E5
E5.41.3326 0 0 223 0 0 0 0 0 0 0 E5
E5.41.3324 0 0 0 0 0 0 107 0 0 0 E5
E5.41.3318 0 0 0 0 53 0 0 0 0 0 E5
E5.41.3325 0 0 0 15 24 0 65 0 0 0 E5
E5.41.3327 0 0 0 0 104 0 0 0 0 0 E5
E5.42.3336 0 0 0 0 9 0 0 0 0 0 E5
E5.43.3359 0 4 0 0 1 0 0 0 0 0 E5
E5.42.3331 0 0 0 1 0 0 1 0 0 0 E5
E5.43.3352 0 0 1 1 3 0 1 0 0 0 E5
E5.43.3343 0 0 382 66 258 0 0 2 0 0 E5
E5.42.3337 0 0 0 0 0 0 0 0 0 0 E5
E5.42.3334 0 0 0 0 5 0 98 0 0 0 E5
E5.43.3347 0 0 0 0 2 0 151 0 0 0 E5
E5.43.3360 0 0 12 0 484 0 24 0 0 0 E5
E5.43.3363 0 0 1 0 35 0 154 0 0 0 E5
E5.43.3353 14 0 1 0 52 0 55 0 0 0 E5
E5.41.3322 35 0 220 1 584 0 209 0 0 102 E5
E5.42.3335 0 0 0 0 0 0 7 0 0 0 E5
E5.42.3340 0 0 0 0 0 0 0 0 0 0 E5
E5.43.3365 0 0 87 0 6 0 0 0 0 0 E5
E5.42.3332 0 0 0 0 0 0 0 0 0 0 E5
E5.43.3356 0 0 1 1 4 0 128 0 0 0 E5
E5.43.3357 0 0 0 7 2 0 65 0 0 0 E5
E5.43.3364 0 0 1 28 178 0 0 85 0 0 E5
E5.43.3354 0 0 0 0 132 0 56 0 0 0 E5
E5.43.3350 56 1 1 0 6 0 0 0 0 1 E5
E5.43.3355 0 0 0 0 0 0 0 0 0 0 E5
E5.43.3348 0 0 109 0 56 0 0 0 0 0 E5
E5.43.3349 0 1 0 0 0 0 0 0 0 0 E5
E5.42.3330 2 0 0 0 20 0 41 0 0 0 E5
E5.43.3361 0 0 137 18 1 0 0 0 0 0 E5
E5.43.3358 0 0 3 0 2 0 0 0 0 0 E5
E5.43.3362 0 0 103 0 259 0 1 20 0 0 E5
E5.12.1027 0 0 0 0 0 0 0 0 0 0 E5
E5.12.1028 0 0 0 0 0 0 0 0 0 0 E5
E5.12.1029 0 0 37 0 0 0 0 0 0 0 E5
E5.12.1031 0 0 0 8 0 0 19 0 0 0 E5
E5.12.1033 0 0 0 0 0 0 0 0 0 0 E5
E5.12.1034 0 0 0 0 0 0 0 0 0 0 E5
E5.12.1035 0 0 0 0 0 0 0 0 0 0 E5
E5.12.1036 0 0 1 0 31 0 41 1 184 0 E5
E5.12.1037 0 0 0 0 0 0 0 0 341 0 E5
E5.12.1038 0 0 1 0 0 45 0 0 117 0 E5
E5.12.1039 0 0 70 0 0 0 0 0 0 0 E5
E5.12.1041 0 0 0 0 0 73 12 0 64 0 E5
E5.12.1042 0 0 0 0 0 0 0 0 0 0 E5
E5.early.31.3058 0 0 0 0 8 0 67 0 0 0 E5
E5.early.31.3059 7 0 0 0 0 0 0 0 0 0 E5
E5.early.31.3060 0 6 0 0 1 0 5 0 0 0 E5
E5.early.31.3062 0 0 0 3 0 0 34 0 0 0 E5
E5.early.31.3064 2 0 0 0 0 0 8 0 0 0 E5
E5.early.31.3068 0 0 0 0 0 0 119 0 0 0 E5
E5.early.31.3069 13 0 0 0 2 0 170 0 0 0 E5
E5.early.31.3070 0 0 0 0 0 0 61 0 0 0 E5
E5.early.31.3071 0 0 0 0 0 0 83 0 0 0 E5
E5.early.31.3072 0 0 0 0 0 0 2 0 0 0 E5
E5.7.686 0 0 0 0 0 0 90 0 0 0 E5
E5.7.684 0 0 0 0 6 0 29 0 0 0 E5
E5.7.677 0 0 0 0 8 0 44 0 0 0 E5
E5.7.692 0 0 0 0 4 0 106 0 0 0 E5
E5.7.687 0 0 0 0 0 0 18 0 0 0 E5
E5.7.691 0 15 0 0 14 0 117 0 0 21 E5
E5.7.702 0 0 0 0 0 0 93 0 0 0 E5
E5.7.683 0 11 0 0 9 0 56 0 0 0 E5
E5.7.675 0 0 0 0 0 0 51 0 0 0 E5
E5.7.693 0 0 0 0 0 0 185 0 0 0 E5
E5.7.689 0 0 9 0 12 0 184 0 0 0 E5
E5.7.688 0 0 0 0 0 0 62 0 0 0 E5
E5.7.690 0 0 0 0 0 0 14 0 0 0 E5
E5.7.679 0 0 0 0 5 0 17 0 0 0 E5
E5.7.703 0 0 0 0 8 0 337 0 0 0 E5
E5.7.704 0 0 0 0 0 0 44 0 0 0 E5
E5.7.685 0 0 0 0 0 0 127 0 0 0 E5
E5.7.701 0 0 1 0 0 0 21 0 0 0 E5
E5.7.681 0 0 0 0 0 0 249 0 0 0 E5
E5.7.696 0 0 0 0 0 0 68 0 0 0 E5
E5.7.694 0 0 0 0 27 0 52 0 0 0 E5
E5.7.697 0 0 0 0 0 0 22 0 0 0 E5
E5.7.676 0 0 0 0 0 0 35 0 0 0 E5
E5.7.682 0 0 0 0 20 0 215 0 0 0 E5
E5.7.674 0 7 0 0 2 0 90 0 0 0 E5
E5.7.700 0 0 0 0 0 0 56 0 0 0 E5
E5.7.695 0 0 0 0 0 0 26 0 0 0 E5
E5.7.706 0 0 0 0 0 0 12 0 0 0 E5
E5.7.678 0 0 0 0 0 0 13 0 0 0 E5
E5.7.680 0 0 0 0 0 0 12 0 0 0 E5
E5.7.705 0 0 0 0 0 0 90 0 0 0 E5
E5.7.698 0 0 0 0 11 0 26 0 0 0 E5
E5.8.916 0 0 0 0 0 0 0 0 0 0 E5
E5.9.924 0 0 0 0 0 26 10 0 0 0 E5
E5.8.919 0 0 0 0 0 0 9 0 0 0 E5
E5.10.940 0 0 0 0 0 0 0 0 0 0 E5
E5.10.948 0 0 0 0 0 47 3 0 0 0 E5
E5.9.927 0 0 0 0 1 0 52 0 0 0 E5
E5.11.956 0 0 0 0 0 0 1 0 19 0 E5
E5.10.932 0 0 7 0 0 0 3 0 0 0 E5
E5.8.918 0 0 0 0 0 0 0 0 0 0 E5
E5.8.922 0 0 24 0 0 0 0 1 0 0 E5
E5.10.935 0 0 0 0 0 0 2 0 0 0 E5
E5.10.938 0 0 0 0 0 2 3 0 0 0 E5
E5.10.934 0 0 0 0 0 0 0 0 0 0 E5
E5.9.930 0 0 0 0 0 0 0 0 0 0 E5
E5.11.964 0 0 0 0 1 31 0 0 0 0 E5
E5.10.950 0 0 0 0 0 19 0 0 0 0 E5
E5.11.962 0 0 0 0 0 0 0 0 0 0 E5
E5.11.951 0 0 17 0 0 0 0 0 0 0 E5
E5.10.942 0 0 0 0 2 66 0 0 0 0 E5
E5.8.915 0 0 0 0 15 0 0 0 0 0 E5
E5.10.943 0 0 0 0 0 0 7 0 0 0 E5
E5.8.921 0 0 0 0 2 0 0 0 0 0 E5
E5.9.931 0 0 0 0 2 78 0 0 0 0 E5
E5.8.920 0 0 0 0 0 0 0 0 34 1 E5
E5.11.966 0 0 0 0 0 0 0 0 0 0 E5
E5.9.923 0 0 0 0 0 45 120 0 0 0 E5
E5.10.947 0 0 0 0 0 0 0 0 0 0 E5
E5.11.959 0 0 23 0 0 0 0 0 19 0 E5
E5.9.928 0 0 0 0 4 0 38 0 0 0 E5
E5.11.963 0 0 0 0 0 0 0 0 0 0 E5
E5.10.936 0 0 0 0 0 0 1 0 0 0 E5
E5.10.937 2 0 0 0 0 0 15 0 0 0 E5
E5.11.955 5 0 0 0 7 10 0 0 0 0 E5
E5.10.945 0 0 0 0 0 0 0 0 0 0 E5
E5.10.944 0 0 0 0 0 0 8 0 0 0 E5
E5.10.939 0 0 0 0 2 0 3 0 0 0 E5
E5.11.952 0 0 0 0 0 0 9 0 0 0 E5
E5.9.929 0 0 0 0 0 0 0 0 0 0 E5
E5.11.960 0 0 0 0 0 0 0 0 0 6 E5
E5.11.961 0 0 0 0 0 0 0 0 0 0 E5
E5.11.953 0 0 0 0 0 0 0 0 0 0 E5
E5.10.933 0 0 0 0 0 0 1 0 0 0 E5
E5.10.949 0 0 0 0 0 0 0 0 0 0 E5
E5.10.941 0 0 0 0 0 18 0 0 0 0 E5
E5.9.925 0 0 0 0 0 0 19 0 0 0 E5
E5.11.965 0 31 0 0 0 0 0 0 0 0 E5
E5.11.957 0 0 0 0 0 3 0 0 0 0 E5
E3.45.3377 244 14 258 150 1899 0 0 86 0 10 E3
E3.45.3376 797 210 2172 308 6359 89 0 139 0 133 E3
E3.45.3379 1 116 201 0 850 0 0 59 0 30 E3
E3.46.3382 67 10 1 0 106 26 0 0 0 0 E3
E3.46.3388 51 28 126 12 68 0 0 0 0 16 E3
E3.47.3395 266 129 598 251 1059 0 0 394 0 224 E3
E3.46.3386 17 50 87 9 157 0 0 0 0 34 E3
E3.46.3383 184 34 58 22 304 0 0 1 0 22 E3
E3.47.3392 0 33 9 0 120 0 0 0 0 16 E3
E3.45.3381 33 49 68 0 410 0 0 4 0 49 E3
E3.48.3402 16 0 27 0 70 0 0 3 0 15 E3
E3.46.3384 24 0 88 0 1 0 0 0 0 0 E3
E3.51.3420 18 5 3 3 85 0 0 2 0 0 E3
E3.45.3378 79 0 191 2 704 33 0 40 0 2 E3
E3.45.3380 43 49 397 66 1109 0 0 28 0 37 E3
E3.47.3393 0 24 30 20 118 0 0 20 0 0 E3
E3.45.3375 114 0 325 19 1710 0 0 0 0 96 E3
E3.46.3387 0 37 178 0 79 0 0 7 0 0 E3
E3.46.3385 58 19 93 2 87 0 0 16 0 2 E3
E3.47.3389 46 50 308 0 385 65 0 0 0 15 E3
E3.48.3398 95 87 107 0 152 0 0 0 0 10 E3
E3.45.3374 244 22 195 0 1452 0 0 0 0 26 E3
E3.49.3403 82 0 139 0 683 71 0 0 0 1 E3
E3.49.3411 37 140 127 0 870 0 0 0 0 0 E3
E3.48.3396 80 154 188 0 343 0 0 0 0 26 E3
E3.48.3401 101 103 56 0 113 0 0 0 0 61 E3
E3.48.3400 89 2 1 23 220 0 0 0 0 0 E3
E3.47.3394 0 75 75 0 168 0 0 0 0 1 E3
E3.48.3399 53 0 73 0 27 0 0 2 0 7 E3
E3.48.3397 0 0 77 0 235 0 0 78 0 12 E3
E3.50.3416 84 31 109 28 520 0 0 0 0 0 E3
E3.50.3414 205 358 256 90 847 0 0 71 0 49 E3
E3.52.3433 75 76 272 0 427 0 0 35 0 25 E3
E3.47.3390 113 75 97 1 352 0 0 70 0 66 E3
E3.49.3409 59 41 217 35 684 0 0 0 0 77 E3
E3.50.3412 239 80 389 58 1053 0 0 41 0 40 E3
E3.49.3408 102 113 101 14 656 0 0 0 0 45 E3
E3.50.3413 32 32 130 14 224 0 0 18 0 24 E3
E3.53.3436 133 235 289 0 907 0 0 59 0 80 E3
E3.49.3405 53 32 8 0 594 0 0 0 0 0 E3
E3.49.3406 122 1 108 0 896 0 0 69 0 64 E3
E3.52.3428 706 158 892 63 868 0 0 459 0 128 E3
E3.52.3430 405 84 508 50 763 0 0 145 0 71 E3
E3.52.3432 805 171 744 37 1334 0 0 558 0 318 E3
E3.52.3434 626 129 1172 44 881 32 0 183 0 235 E3
E3.53.3435 8 4 8 1 29 0 0 0 0 0 E3
E3.51.3425 9 5 9 0 82 0 0 3 0 0 E3
E3.50.3417 107 27 167 65 727 0 0 5 0 3 E3
E3.49.3410 71 63 155 0 560 0 0 0 0 0 E3
E3.51.3422 569 526 750 127 4579 162 3 33 0 89 E3
E3.50.3415 130 141 300 20 715 0 13 19 0 63 E3
E3.51.3421 361 617 1568 179 5729 54 0 214 0 67 E3
E3.53.3437 183 167 310 23 554 62 0 83 0 49 E3
E3.51.3423 143 167 183 26 1057 0 0 33 0 8 E3
E3.52.3429 634 332 1029 30 936 0 0 420 0 98 E3
E3.49.3407 54 27 210 0 555 0 0 50 0 14 E3
E3.51.3426 255 209 485 256 2201 0 0 136 0 0 E3
E3.47.3391 39 1 0 26 189 27 0 0 0 0 E3
E3.52.3431 245 37 916 5 636 0 0 195 0 151 E3
E3.53.3438 46 48 138 0 566 0 0 135 0 70 E3
